序号,提交答卷时间,所用时间,来源,来源详情,来自IP,总分,1、您的性别：,2、您的年龄段：,3、你能在多大水平上承担选择可能带来的风险？,4、你在做决策时，对风险的考虑在多大程度上影响你的决定？,5、你在做决策时，多大程度上在意收益是否稳定？,6、您选择的案例是？,7、假设你做出了以下选择，你认为问题被解决的概率有多大，请填写0-100之间的数值—直接举报,7、匿名举报,7、继续保持观察，等待时机或者搜集更多证据后再采取行动,7、保持沉默，等待第三方想办法解决问题,8、假设你做出了以下选择，你认为你有多大概率会承受难以承受的损失，请填写0-100之间的数值—直接举报,8、匿名举报,8、继续保持观察，等待时机或者搜集更多证据后再采取行动,8、保持沉默，等待第三方想办法解决问题,9、在你选择的案例中，你对以下说法有多认可，1代表完全不同意，6代表完全同意—A．	相关人的行为损害了社会公正,9、B．	有些人没有得到他们应得的,9、C．	不公正战胜了公正,9、D．	遭受了不公正的人没有得到补偿,9、E．	案例中的不公正是偶然的，而不是必然,9、F．	相关人员做决定时没有力求公正,10、在你选择的案例中，你对以下说法有多认可，1代表完全不同意，6代表完全同意—A．	举报同事或朋友是一种对关系的背叛,10、B．	即使举报是正确的，也会削弱我对团队的忠诚感,10、C．	举报行为会被视为对团队利益的损害,10、D．	考虑到我和朋友、同事的关系，我会犹豫是否继续举报,10、E．	即使有不当行为，我仍会优先维护与团队的关系,10、F．	举报会让我感觉自己不再完全属于这个群体,10、G．	这题请选1,11、假设你即将要采取直接举报的行动，那么你对下面的说法认可程度多高，1代表完全不同意，6代表完全同意—A.	这会提高我在组织中的声望,11、B.	这会给我带来职业晋升机会,11、C.	这会使我获得满意的经济等物质奖励,11、D.	这会让我觉得我在做正确的事情,11、E.	这会使我获得心理上的满足或者释怀,12、假设你即将要采取匿名举报的行动，那么你对下面的说法认可程度多高，1代表完全不同意，6代表完全同意—A.	这会提高我在组织中的声望,12、B.	这会给我带来职业晋升机会,12、C.	这会使我获得满意的经济等物质奖励,12、D.	这会让我觉得我在做正确的事情,12、E.	这会使我获得心理上的满足或者释怀,13、假设你即将要采取继续保持观察，等待时机或者搜集更多证据后再采取行动的行动，那么你对下面的说法认可程度多高，1代表完全不同意，6代表完全同意—A.	这会提高我在组织中的声望,13、B.	这会给我带来职业晋升机会,13、C.	这会使我获得满意的经济等物质奖励,13、D.	这会让我觉得我在做正确的事情,13、E.	这会使我获得心理上的满足或者释怀,14、假设你即将要采取保持沉默，等待第三方想办法解决问题的行动，那么你对下面的说法认可程度多高，1代表完全不同意，6代表完全同意—A.	这会提高我在组织中的声望,14、B.	这会给我带来职业晋升机会,14、C.	这会使我获得满意的经济等物质奖励,14、D.	这会让我觉得我在做正确的事情,14、E.	这会使我获得心理上的满足或者释怀,15、你最后会选择怎么办？,16、你有什么别的想法吗，请畅所欲言,alpha,lambda1,lambda2,C1,C2,C3,C4,U1,U2,U3,U4,H_alpha_1,H_alpha_2,H_alpha_3,H_alpha_4,R1,R2,R3,R4,best_action,final_choice
3,2025/8/12 7:13:14,297秒,手机提交,直接访问,183.238.129.122(广东-东莞),397,1,1,3,4,2,3,30,60,64,10,81,41,20,1,5,5,5,5,2,5,2,4,4,5,5,5,1,1,1,1,3,4,1,1,1,3,3,1,1,1,3,3,1,1,1,4,2,3,(空),0.6,0.8,0.4,0.2702702702702703,0.4444444444444444,0.3863636363636363,0.4444444444444444,0.5198752449100363,0.6666666666666666,0.621581560508061,0.6666666666666666,1.0225289845794123,1.1916109290165795,1.05675751641157,0.4360158985172116,0.6729068053240995,0.4792121831995323,0.4137911404092741,0.2052808557778474,4,3
4,2025/8/12 7:48:22,273秒,手机提交,直接访问,223.104.159.64(浙江-绍兴),334,1,1,5,5,5,3,0,20,60,10,80,50,20,0,6,6,6,6,1,6,4,4,4,6,3,3,1,1,1,1,6,4,1,1,1,6,1,1,1,1,6,1,1,1,1,1,1,3,(空),1.0,1.0,1.0,0.5135135135135135,0.6,0.5454545454545454,0.4888888888888889,0.7165985720844785,0.7745966692414834,0.7385489458759964,0.699205898780101,0.5146531654841913,1.1935496040981333,1.1734140905474444,0.3250829734467102,0.7573265827420956,0.849984566540192,0.8171447075396874,0.4312291955078888,4,3
5,2025/8/12 10:10:30,218秒,手机提交,直接访问,112.224.141.97(山东-济南),477,1,2,3,4,5,1,39,30,50,70,75,74,40,20,3,5,3,3,2,3,4,3,2,5,4,5,1,2,2,3,3,2,1,1,1,3,3,1,1,1,4,3,1,1,1,1,1,4,(空),0.6,0.8,1.0,0.1621621621621621,0.3111111111111111,0.2727272727272727,0.2222222222222222,0.4026936331284146,0.5577733510227171,0.5222329678670935,0.4714045207910317,1.1198817339120184,1.073975402420352,1.2028764391149702,1.0367036996378725,0.7118479050571421,0.4321579725610412,0.4722387094906341,0.4455559762261118,2,4
6,2025/8/12 10:12:22,167秒,手机提交,直接访问,223.104.101.121(河北-唐山),571,1,1,4,5,5,3,55,100,69,20,100,50,24,16,6,5,6,6,4,6,5,6,6,6,5,6,1,4,3,3,6,6,2,2,3,6,6,1,3,2,4,5,2,1,1,4,5,3,(空),0.8,1.0,1.0,0.4594594594594595,0.5555555555555556,0.4090909090909091,0.4222222222222222,0.677834389404565,0.7453559924999299,0.6396021490668313,0.6497862896539309,0.7403108058770077,0.7458652415669282,1.1103701586054409,0.9195574528753788,0.8701554029385039,0.6261423852745895,0.7856227415686856,0.7284664352222232,2,3
7,2025/8/12 10:13:10,282秒,链接,直接访问,221.193.146.71(河北-邯郸),415,3,10,5,1,3,1,0,0,0,69,80,80,100,0,6,6,6,6,2,3,6,6,1,6,6,1,1,1,2,1,1,1,1,1,2,1,1,1,1,1,1,1,1,1,1,5,5,4,(空),1.0,0.2,0.6,0.1891891891891892,0.4,0.3181818181818182,0.5555555555555556,0.43495883620084,0.6324555320336759,0.5640760748177662,0.7453559924999299,0.5146531654841913,0.5004024235934499,8.289306334778562e-11,0.6191006644808491,-0.3929538374822425,-0.69931780474243,-0.7269604514110221,-0.6206550744216652,3,4
8,2025/8/12 10:14:20,363秒,手机提交,直接访问,223.104.102.63(河北-邢台),527,1,1,3,3,4,1,20,40,61,100,80,60,40,20,6,6,5,6,3,6,4,5,3,6,4,4,1,2,2,2,2,1,3,2,2,2,1,4,3,2,3,2,2,2,2,4,4,4,(空),0.6,0.6,0.8,0.3243243243243243,0.5333333333333333,0.5681818181818182,0.6222222222222222,0.5694947974514994,0.7302967433402214,0.7537783614444091,0.7888106377466155,0.9464267905967298,1.188956933303074,1.18601840947064,0.6134914127714185,0.3117184601636881,0.1086129386855974,0.1075441282645188,-0.0228912922111826,4,4
9,2025/8/12 10:19:49,425秒,手机提交,直接访问,60.212.190.252(山东-威海),471,1,1,3,1,1,3,60,20,50,0,100,100,50,0,6,6,6,1,1,3,1,1,1,1,1,6,1,1,1,1,6,6,1,1,1,6,6,3,3,3,6,6,1,1,1,1,1,4,举报对于我本人是毫无利益可言的，甚至一定会影响到我个人利益，我没有任何理由举报。,0.6,0.2,0.2,0.7027027027027027,0.8222222222222222,0.9090909090909092,0.6,0.8382736442849094,0.9067647005823628,0.9534625892455924,0.7745966692414834,0.780532334944631,0.5913611029144841,1.2165032513992802,2.1976544943358537e-11,-0.3663659205361985,-0.6902219368103265,-0.6053101262793834,-0.6825651408675525,2,4
10,2025/8/12 10:22:26,283秒,手机提交,直接访问,218.12.19.151(河北-石家庄),605,1,1,3,4,4,2,78,54,87,68,77,48,32,20,6,5,6,5,4,5,2,4,4,4,2,4,1,4,4,3,6,6,2,3,3,6,6,5,5,4,6,6,3,2,3,6,6,3,(空),0.6,0.8,0.8,0.8108108108108109,0.8444444444444444,0.9318181818181818,0.8444444444444444,0.9004503377814963,0.9189365834726816,0.9653072991634228,0.9189365834726816,0.9966305724367632,1.2137861025483143,0.9582392369072672,1.0493137336972231,0.6625474404670401,0.4880822526122261,0.3743838286075528,0.450599989849852,3,3
11,2025/8/12 10:42:17,298秒,手机提交,直接访问,210.83.76.225(浙江-宁波),283,1,2,0,5,3,1,0,0,0,0,100,100,0,0,6,6,6,6,1,6,6,6,6,1,1,1,1,1,1,1,1,1,1,1,1,1,1,1,1,1,6,1,1,1,1,6,1,4,还敢举报？蒸馍，你不福气吗,0.0,1.0,0.6,0.3783783783783784,0.5555555555555556,0.6136363636363636,0.6666666666666666,-0.9718605830289656,-0.587786664902119,-0.488352767913932,-0.4054651081081644,1.000000000003,1.000000000003,1.000000000003,1.000000000003,1.0000000000015,0.7532097644926254,0.7304376622674651,0.7686877087860338,3,4
13,2025/8/12 11:20:37,67秒,手机提交,直接访问,113.84.65.40(广东-深圳),701,1,2,1,1,2,1,100,19,100,24,100,100,99,16,6,6,6,6,6,6,6,6,6,6,6,6,1,6,6,6,6,6,1,1,1,1,1,6,6,6,6,6,1,1,1,1,1,3,(空),0.2,0.2,0.4,0.6486486486486487,0.2222222222222222,0.7272727272727273,0.2222222222222222,-0.4328640822962787,-1.5040773967762742,-0.3184537311185346,-1.5040773967762742,5.826404624728584e-12,0.8035222732912685,0.4080942410392968,0.9609860387333876,-0.444419154030079,-0.6690058197726481,-0.6861510273153817,-0.5864665369964114,3,3
14,2025/8/12 11:22:08,77秒,手机提交,直接访问,111.55.12.42(广西-百色),498,1,2,1,1,4,1,59,28,65,64,31,45,41,54,1,1,4,5,1,4,1,6,1,1,5,1,1,6,5,1,6,4,6,4,4,5,5,2,4,3,3,3,4,4,2,4,4,1,(空),0.2,0.2,0.8,0.5945945945945946,0.7777777777777778,0.5227272727272727,0.6444444444444445,-0.5198754592859085,-0.251314428280906,-0.6486954179891115,-0.4393666597838456,1.0373117720922331,1.0421364081438782,1.052144833343184,1.054476028729224,-0.3406879768214383,-0.6451444062873871,-0.6217459680849929,-0.5771175379968277,2,1
15,2025/8/12 11:31:51,256秒,微信,,39.184.57.4(浙江-台州),510,1,2,3,4,4,1,40,60,80,20,80,50,50,30,5,5,2,5,2,5,3,2,3,3,4,4,1,3,3,3,3,2,3,3,3,3,2,4,4,4,4,2,2,2,2,2,2,3,(空),0.6,0.8,0.8,0.4594594594594595,0.6222222222222222,0.6590909090909091,0.5333333333333333,0.677834389404565,0.7888106377466155,0.8118441408859887,0.7302967433402214,1.082014587152399,1.2028764391149702,1.0890017778546914,1.0369151021702958,0.6967010463532941,0.4837183872388885,0.4266888449865227,0.4456405372390811,3,3
16,2025/8/12 11:53:18,557秒,手机提交,直接访问,113.132.88.93(陕西-西安),392,1,2,4,5,5,1,40,20,30,10,80,50,10,60,4,5,3,5,2,4,4,5,2,5,2,1,1,3,3,3,5,5,2,2,2,5,5,1,1,1,3,3,1,1,1,1,1,3,(空),0.8,1.0,1.0,0.5675675675675675,0.6444444444444445,0.4318181818181818,0.4,0.753370803500884,0.8027729719194864,0.6571287406727709,0.6324555320336759,1.1288044766366352,1.1357265966189387,0.9095841833241772,0.9492019237618008,1.0644022383183176,0.8210730628005948,0.6852297539280539,0.7432886706654341,3,3
17,2025/8/12 12:02:21,222秒,微信,,117.131.117.100(上海-上海),346,1,2,3,3,4,1,5,5,5,60,52,52,36,25,4,4,3,4,4,5,3,5,5,5,4,4,1,3,2,2,4,4,2,2,2,4,4,2,2,2,4,3,2,3,3,2,3,4,(空),0.6,0.6,0.8,0.2432432432432432,0.4222222222222222,0.3409090909090909,0.4,0.4931969619160719,0.6497862896539309,0.5838742081211422,0.6324555320336759,0.9051991441970296,0.9044500444124828,0.8653621189549625,1.1269792430996195,0.299350166243778,0.02326087201842,0.0113472411098156,0.1311550568872777,3,4
18,2025/8/12 12:09:05,203秒,微信,,180.158.3.56(上海-上海),584,2,2,3,4,5,2,62,75,100,30,79,58,42,26,6,6,4,4,3,4,2,2,2,2,2,2,1,4,4,3,5,5,3,3,2,5,5,4,4,3,5,5,2,2,2,3,3,3,(空),0.6,0.8,1.0,0.8918918918918919,0.9111111111111112,0.9318181818181818,0.7777777777777778,0.944400281603035,0.9545214042184236,0.9653072991634228,0.8819171036881969,1.0839200304545482,1.1193207026886307,0.7885084465697013,1.0879571547978784,0.6974632236741539,0.4502960926683527,0.3064915124725266,0.4660573582901142,3,3
19,2025/8/12 12:20:37,560秒,微信,,211.144.198.243(上海-上海),306,1,2,3,4,4,1,60,45,22,0,40,18,0,0,6,6,4,4,4,5,5,6,6,6,4,6,1,2,2,4,5,5,1,6,6,4,4,3,2,2,4,3,1,1,1,1,1,1,(空),0.6,0.8,0.8,0.2702702702702703,0.5333333333333333,0.3181818181818182,0.1777777777777777,0.5198752449100363,0.7302967433402214,0.5640760748177662,0.4216370213557839,1.178700105850582,1.066240735112715,0.6204355088557878,2.1976544943358537e-11,0.7353752538325673,0.4290641056379864,0.2392623373869612,0.0308744963797534,4,1
20,2025/8/12 13:01:55,339秒,微信,,220.195.77.103(内蒙古-呼和浩特),644,2,2,2,4,4,3,0,42,86,100,18,82,95,90,5,5,5,5,5,5,5,5,6,6,6,6,1,2,2,2,1,4,2,3,1,6,6,5,5,5,6,6,2,2,2,2,2,4,视角不一样对错不一样，我保全自己的利益更重要,0.4,0.8,0.8,0.054054054054054,0.4444444444444444,0.5909090909090909,0.2666666666666666,-2.917770732084279,-0.8109302162163288,-0.5260930958967791,-1.3217558399823195,0.5812182015529345,1.030804806227207,0.6883887154288418,0.2994746609919099,0.4963824921135085,0.4148897340837832,0.2664436200161828,0.1506643607677268,4,4
21,2025/8/12 13:12:01,203秒,手机提交,直接访问,124.64.16.98(北京-北京),479,1,2,3,3,4,3,60,51,65,0,84,46,62,0,5,5,5,5,3,3,2,4,4,2,3,5,1,3,3,3,5,5,2,2,2,5,5,2,2,2,5,5,1,1,1,5,5,2,(空),0.6,0.6,0.8,0.5945945945945946,0.6666666666666666,0.6136363636363636,0.6,0.7710996009560598,0.816496580927726,0.7833494518006403,0.7745966692414834,1.041941606182702,1.2141946403239752,1.1650567702986765,2.1976544943358537e-11,0.3403729048394797,0.1161842507918677,0.1012556365129297,-0.2069387160360152,4,2
22,2025/8/12 13:13:14,335秒,微信,,117.182.48.16(广西-南宁),476,2,2,3,3,3,1,60,59,59,0,65,41,46,43,4,2,4,4,2,5,5,4,4,4,4,4,1,4,4,3,4,3,4,3,3,4,3,4,2,2,4,4,1,1,1,1,1,3,无,0.6,0.6,0.6,0.3243243243243243,0.4888888888888889,0.4090909090909091,0.2222222222222222,0.5694947974514994,0.699205898780101,0.6396021490668313,0.4714045207910317,1.178700105850582,1.1942542688713982,1.2032644024510837,0.7994862569179982,0.3814004547398437,0.1102021393560946,0.1127179261586519,0.0329071610327912,4,3
23,2025/8/12 13:26:56,405秒,手机提交,直接访问,120.35.194.231(福建-三明),600,1,3,2,4,3,3,32,23,65,84,100,76,67,22,6,6,6,6,2,5,5,5,4,6,2,6,1,4,2,2,6,3,4,2,2,6,4,6,6,2,6,5,2,2,2,3,2,3,(空),0.4,0.8,0.6,0.4864864864864865,0.6666666666666666,0.7727272727272727,0.5111111111111111,-0.7205461547480597,-0.4054651081081644,-0.2578291093020998,-0.6711682738411702,0.8016585403794279,0.9866448844792496,1.0885908313911026,0.9295908107800058,0.5845586276441058,0.3972257653846003,0.4265244664010871,0.4027108206829651,2,3
24,2025/8/12 13:37:02,311秒,微信,,115.201.154.67(浙江-台州),362,2,2,3,4,4,3,39,40,61,21,59,20,10,0,5,5,5,5,3,5,3,3,3,4,3,3,1,3,4,3,4,4,2,2,2,5,5,5,2,2,4,5,1,2,1,4,4,3,(空),0.6,0.8,0.8,0.6486486486486487,0.7333333333333333,0.7272727272727273,0.6444444444444445,0.8053872662568292,0.8563488385776752,0.8528028654224418,0.8027729719194864,1.1934695142942944,1.0726259453541374,0.956823161739862,0.60623117732639,0.7412830172100525,0.4316181897345553,0.3738173985405909,0.2733669673015189,4,3
25,2025/8/12 14:51:19,247秒,手机提交,直接访问,183.250.20.147(福建-福州),421,3,10,4,5,5,3,0,10,60,60,100,100,0,0,6,6,6,6,1,6,2,1,4,3,2,2,1,1,1,1,5,1,1,1,1,5,1,1,5,5,3,2,1,1,6,2,1,3,(空),0.8,1.0,1.0,0.6756756756756757,0.8,0.9090909090909092,0.8444444444444444,0.8219949365267865,0.8944271909999159,0.9534625892455924,0.9189365834726816,4.2681414364513245e-11,0.3436076576174738,0.7235466031410419,0.7235466031410419,0.5000000000213407,0.4250135932998623,0.5922109638364861,0.6304610103550548,2,3
26,2025/8/12 15:01:16,289秒,手机提交,直接访问,223.102.45.42(辽宁-大连),450,1,2,2,4,4,1,100,80,100,10,40,10,6,0,6,6,6,6,2,6,2,2,2,4,2,1,1,4,3,1,6,5,1,2,1,6,6,3,2,1,6,6,1,1,1,1,1,3,我会告知好友C并在举报前争取C的支持，如果C没有出现原则问题那么我愿意付出更多努力来避免C被波及，如果C有原则性问题那么我会试图说服C后自行补偿。,0.4,0.8,0.8,0.972972972972973,0.9777777777777776,0.9772727272727272,0.7333333333333333,-0.0273989741881143,-0.0224728558520586,-0.0229895182246987,-0.3101549283038396,0.8309622998544778,0.8350019517970239,0.3995906419156188,0.5054592093701508,0.5962801314341257,0.3365685923117099,0.1509243906108936,0.2330581801190232,3,3
27,2025/8/12 16:02:23,254秒,微信,,39.184.50.65(浙江-台州),515,3,2,2,3,3,1,49,40,71,10,72,59,62,41,6,6,5,5,3,5,4,5,5,5,5,5,1,3,3,3,3,2,2,2,2,3,2,4,4,3,3,2,2,2,2,2,2,3,(空),0.4,0.6,0.6,0.3243243243243243,0.4444444444444444,0.5,0.4222222222222222,-1.126011262856224,-0.8109302162163288,-0.6931471805599453,-0.8622235106038793,1.099144569093338,1.122207978633127,1.0816475756678068,0.9723981157764264,0.3575337937126704,0.0885882522846133,0.0762328781236688,0.0847807186903197,3,3
28,2025/8/12 16:34:36,220秒,手机提交,直接访问,144.82.8.51(国外-英国),436,1,3,5,2,2,1,11,9,42,85,100,23,65,0,6,6,5,5,5,4,4,4,3,4,4,2,1,3,1,1,4,3,2,2,1,4,3,4,4,4,4,3,1,1,1,1,1,2,(空),1.0,0.4,0.4,0.4594594594594595,0.6222222222222222,0.7272727272727273,0.4666666666666667,0.677834389404565,0.7888106377466155,0.8528028654224418,0.6831300510639732,0.3465153369739281,0.8418141645945485,1.327738639226786,0.4227090878612529,-0.1390112981282105,-0.3303532612846401,-0.2220631951526349,-0.3602101108839285,4,2
29,2025/8/12 16:59:47,252秒,手机提交,直接访问,115.206.243.238(浙江-杭州),437,1,2,4,3,2,3,100,100,50,0,5,4,0,78,6,6,5,6,6,6,4,1,2,4,2,1,1,1,1,1,6,6,1,1,1,6,6,1,1,1,6,6,1,1,1,1,1,1,团队里当然是团结为第一的肯定是要先商量再做做如果这个人人品实在不行的话那就谈崩那要是没得谈了,0.8,0.6,0.4,0.8108108108108109,0.9111111111111112,0.8636363636363636,0.6888888888888889,0.9004503377814963,0.9545214042184236,0.9293203772845852,0.8299933065325822,4.2681414364513245e-11,0.1762111641483044,0.7458652415669281,0.4697715250555042,0.0277904229974735,-0.1952107920608334,-0.0245018221065946,-0.0660072585259569,2,1
30,2025/8/12 17:18:24,1779秒,微信,,118.113.180.254(四川-成都),356,1,1,3,5,4,3,9,45,68,0,71,28,29,9,3,3,4,2,3,5,2,1,1,3,2,1,1,2,3,3,6,6,1,1,1,6,6,4,5,2,6,6,1,1,1,3,2,2,(空),0.6,1.0,0.8,0.7297297297297297,0.7333333333333333,0.8636363636363636,0.5777777777777777,0.8542421961772491,0.8563488385776752,0.9293203772845852,0.7601169500660919,0.8927397366816333,1.145629089004994,1.1065655584470642,0.3902788252734738,0.9463698683408166,0.8260243089936224,0.7837204414894972,0.4638271214212706,4,2
31,2025/8/12 17:35:33,514秒,微信,,120.208.88.98(山西-长治),646,2,2,3,2,4,3,81,70,93,45,79,75,74,0,6,6,6,6,2,5,4,4,3,5,2,5,1,2,4,4,6,6,2,2,2,6,6,5,4,4,6,5,2,2,2,2,2,4,其实我觉得可能这个案例里举报没用，如果有用就会在上一个人举报的时候已经解决了（起码会起到一个暂时严管的作用），所以我选择了不举报，即使我可能良心难安，但是我可以通过“举报其实没用”这样的借口来安慰自己，让自己的损失降低到最小，不想自己被解雇事情还无法解决。,0.6,0.4,0.8,0.7567567567567568,0.7777777777777778,0.8636363636363636,0.6,0.86991767240168,0.8819171036881969,0.9293203772845852,0.7745966692414834,0.9463264914488247,1.0663155158202378,0.8208229221187442,0.7971054594770679,-0.0190490672332312,-0.2854529910395022,-0.3234463385742432,-0.2853308365607654,3,4
33,2025/8/12 17:42:11,179秒,手机提交,直接访问,113.120.249.177(山东-潍坊),505,1,3,5,3,3,2,22,40,100,0,100,43,21,81,6,6,6,6,1,6,2,5,5,3,2,4,1,2,1,1,6,4,1,1,1,5,5,1,1,1,6,4,1,1,1,1,1,3,举不举报，看被举报者后台是谁，很重要,1.0,0.6,0.6,0.6216216216216216,0.7333333333333333,0.6818181818181818,0.5555555555555556,0.7884298457197201,0.8563488385776752,0.8257228238447705,0.7453559924999299,0.5269079614866423,1.3563265805834224,0.5139566706724876,0.3845429198114906,0.1858628114306618,0.1588238328697019,-0.0940743933749268,-0.091575840099161,3,3
34,2025/8/12 18:04:16,354秒,手机提交,直接访问,60.208.151.201(山东-济南),454,1,1,5,5,4,3,40,80,40,10,99,40,40,0,6,6,4,3,6,4,5,5,4,6,5,6,1,2,1,1,6,5,2,1,1,6,5,1,1,1,4,2,1,1,1,1,1,2,想说什么，又不想说了,1.0,1.0,0.8,0.1891891891891892,0.4,0.2045454545454545,0.1777777777777777,0.43495883620084,0.6324555320336759,0.4522670168666454,0.4216370213557839,0.7314179319426357,1.1734140905474444,1.3460233340185128,0.3250829734467102,0.8657089659713179,0.8399168097648476,0.9034493292752216,0.4312291955078888,4,2
35,2025/8/12 18:18:44,1232秒,微信,,114.84.72.164(上海-上海),487,2,2,5,4,4,2,10,50,30,50,80,50,80,10,6,6,4,5,5,5,3,6,5,6,5,6,1,4,2,1,6,5,5,2,1,6,6,1,1,1,6,4,4,3,1,2,3,2,(空),1.0,0.8,0.8,0.3513513513513513,0.5777777777777777,0.3636363636363636,0.4222222222222222,0.5927489783638191,0.7601169500660919,0.6030226891555273,0.6497862896539309,0.8397361388203775,1.3862943611198906,1.1112667255930813,1.034460422346985,0.5997896670204856,0.5570855560408566,0.4355948240818786,0.4446586653097568,3,2
36,2025/8/12 18:22:09,249秒,手机提交,直接访问,117.151.101.223(湖北-武汉),559,2,3,3,3,4,3,50,20,53,66,100,80,50,24,6,6,6,6,5,5,2,5,6,4,4,6,1,3,1,2,5,5,1,1,1,6,6,1,1,1,5,5,1,1,1,2,5,3,无,0.6,0.6,0.8,0.4864864864864865,0.6222222222222222,0.5227272727272727,0.5111111111111111,0.6974858324629157,0.7888106377466155,0.7229988054812212,0.7149203529842405,0.8025928318657995,0.9353189178261436,1.2152816079865605,1.0952622844800868,0.268568272544409,0.0325215340425182,0.116323087819295,0.1216399693014178,2,3
37,2025/8/12 18:27:10,202秒,手机提交,直接访问,111.55.166.143(广西-南宁),592,1,2,4,4,4,3,60,40,81,20,85,47,50,93,6,6,6,6,5,6,4,4,3,5,3,3,1,4,4,2,4,4,1,1,1,5,5,4,3,3,3,4,2,2,2,2,2,3,(空),0.8,0.8,0.8,0.7027027027027027,0.7111111111111111,0.75,0.6444444444444445,0.8382736442849094,0.8432740427115678,0.8660254037844386,0.8027729719194864,1.0631446948823848,1.279824428497845,1.1239441108158843,0.5336309878529569,0.6891530894452886,0.5144975829920384,0.4406657781709999,0.2443268915121456,4,3
38,2025/8/12 19:04:45,442秒,手机提交,直接访问,49.84.37.118(江苏-镇江),364,1,1,5,2,1,2,0,20,40,0,100,0,100,0,4,4,1,6,1,6,4,1,4,4,4,1,1,4,2,1,6,6,1,1,1,6,6,4,4,4,6,6,1,1,1,1,1,3,当腐败和反腐败达成某种平衡,1.0,0.4,0.2,0.5945945945945946,0.6444444444444445,0.7954545454545454,0.4222222222222222,0.7710996009560598,0.8027729719194864,0.8918825850158447,0.6497862896539309,8.289306334778562e-11,0.5004024235934499,0.6730116670645185,8.289306334778562e-11,-0.2083143655064176,-0.3986356094848598,-0.3530085895850884,-0.4447519284396005,4,3
39,2025/8/12 19:09:04,831秒,手机提交,直接访问,14.123.252.224(广东-珠海),623,1,4,3,4,2,2,80,60,85,40,91,51,70,31,6,5,5,4,5,5,2,1,1,5,4,2,1,2,2,1,6,4,1,1,1,6,6,4,2,1,6,6,4,5,4,3,4,3,有一说一，因为关乎到自身利益而且也尚不清楚对方底细的情况下贸然行动是很容易撞墙的，会先观察了解情况，若是这个抢名额并没有造成真正需要的人的利益（比如这届没有其他真正残疾小孩需要进重点幼儿园名额被抢）那我会选择放他过,0.6,0.8,0.4,0.6756756756756757,0.8,0.8409090909090909,0.9111111111111112,0.8219949365267865,0.8944271909999159,0.917010954628728,0.9545214042184236,0.7942410934118187,1.2027378348099091,0.9687864108534288,1.1639041817867346,0.5815916488570622,0.483662945516864,0.3786026981860176,0.4964361690856567,3,3
40,2025/8/12 19:35:43,280秒,手机提交,直接访问,183.228.49.212(重庆-重庆),384,1,10,3,3,3,1,60,80,100,0,60,0,0,0,3,3,5,5,5,4,2,1,1,1,1,1,1,1,2,1,6,6,1,1,1,6,6,1,1,1,6,6,1,1,1,1,1,3,无,0.6,0.6,0.6,0.7837837837837838,0.8666666666666667,0.8181818181818182,0.6444444444444445,0.8853156407653622,0.9309493362512627,0.9045340337332908,0.8027729719194864,1.1942149817213652,0.5913611029144841,2.1976544943358537e-11,2.1976544943358537e-11,0.3860549175010787,-0.0706658104309795,-0.2482613945700801,-0.2069387160360152,3,3
41,2025/8/12 19:39:53,409秒,手机提交,直接访问,157.122.172.19(广东-湛江),408,1,1,4,3,3,3,21,86,60,20,50,40,25,0,2,3,1,3,5,2,1,3,2,3,4,2,1,4,3,6,6,6,1,1,1,6,5,4,2,5,5,4,2,1,2,6,4,4,(空),0.8,0.6,0.6,0.5675675675675675,0.4666666666666667,0.5454545454545454,0.4888888888888889,0.753370803500884,0.6831300510639732,0.7385489458759964,0.699205898780101,1.145721576929133,1.0373184218938598,1.1691403266890426,0.5336309878529568,0.371506896063409,0.0631213852628331,0.1024807034300396,-0.0468494196867211,4,4
42,2025/8/12 19:40:07,415秒,微信,,210.51.42.172(上海-上海),538,2,2,4,5,5,3,20,60,60,41,79,60,80,40,6,6,3,3,2,5,3,3,3,4,4,4,1,2,2,1,6,5,2,1,1,6,5,1,1,1,6,5,1,1,1,2,1,3,个人的力量是弱小的，有时候个人行为并不会对集体造成实质性的改变。有些违规行为的出现是多方合力的结果，或许我们有不甘、想扭转局面，但鉴于种种因素，个人还是难以撬动大环境的改变。我持悲观态度。,0.8,1.0,1.0,0.4864864864864865,0.6222222222222222,0.5454545454545454,0.4222222222222222,0.6974858324629157,0.7888106377466155,0.7385489458759964,0.6497862896539309,0.9825175383683986,1.26396364810328,1.116813401790967,1.2762047545588309,0.9912587691841992,0.8851915885427655,0.7888443631614486,0.9067900860639492,3,3
43,2025/8/12 20:49:26,231秒,手机提交,直接访问,125.45.110.212(河南-南阳),477,1,2,5,5,5,3,44,16,48,8,100,82,77,4,6,6,6,6,1,6,1,1,3,4,2,1,1,1,1,1,6,6,1,1,1,6,6,2,2,1,6,6,1,1,1,2,2,2,(空),1.0,1.0,1.0,0.8918918918918919,0.9777777777777776,0.9772727272727272,0.8,0.944400281603035,0.9888264649460884,0.9885710532241612,0.8944271909999159,0.6859298003076348,0.9110633662114372,1.231623308587012,0.4561665600762518,0.8429649001538174,0.7087414475968441,0.8462493165594711,0.4967709888226596,4,2
44,2025/8/12 20:50:06,278秒,手机提交,直接访问,122.240.194.244(浙江-温州),506,3,2,2,4,5,1,67,84,91,20,68,46,32,8,6,4,2,4,6,5,1,2,1,2,1,3,1,3,1,1,6,6,3,1,1,6,6,1,1,1,4,4,1,1,1,2,2,2,(空),0.4,0.8,1.0,0.7567567567567568,0.8666666666666667,0.6818181818181818,0.6444444444444445,-0.2787134024690205,-0.1431008436406733,-0.3829922522561058,-0.4393666597838456,1.0842481384750318,1.023225011988538,0.9181767958848128,0.8176634076832623,0.6975944668823475,0.4118578163883156,0.3583588521985711,0.3579398594442677,4,2
45,2025/8/12 20:50:22,375秒,微信,,39.154.3.61(内蒙古-呼和浩特),453,2,2,2,4,4,3,4,59,83,52,78,22,21,21,4,5,4,5,3,5,3,4,4,4,4,4,1,3,3,3,4,4,2,2,2,5,5,3,4,3,5,5,2,2,2,2,2,3,(空),0.4,0.8,0.8,0.4594594594594595,0.6,0.6363636363636364,0.4666666666666667,-0.7777045685880083,-0.5108256237659907,-0.4519851237430572,-0.7621400520468967,0.7878285620150597,1.0536816032362144,0.9174962816047229,1.066174785496358,0.5790266362983585,0.4240404528873862,0.3580866464865351,0.457344410569506,3,3
46,2025/8/12 21:02:55,190秒,手机提交,直接访问,111.225.74.203(河北-保定),552,1,1,3,4,4,3,20,80,40,50,100,40,40,50,6,6,5,5,2,4,3,5,4,5,4,5,1,3,2,2,6,6,3,3,3,6,6,3,3,3,5,5,3,3,4,4,4,2,(空),0.6,0.8,0.8,0.5135135135135135,0.7111111111111111,0.6136363636363636,0.6444444444444445,0.7165985720844785,0.8432740427115678,0.7833494518006403,0.8027729719194864,0.5913611029144841,1.0726259453541374,1.188956933303074,1.214580305134715,0.5004396526581283,0.4316181897345553,0.4666709071658757,0.5167066184248489,2,2
49,2025/8/13 9:39:36,247秒,手机提交,直接访问,111.207.59.104(北京-北京),501,1,2,2,3,5,3,21,20,60,0,100,80,80,20,5,1,5,5,2,6,4,5,5,4,2,4,1,2,2,4,6,6,3,2,3,6,6,4,2,4,6,6,1,1,1,3,3,3,(空),0.4,0.6,1.0,0.4864864864864865,0.6444444444444445,0.6363636363636364,0.4,-0.7205461547480597,-0.4393666597838456,-0.4519851237430572,-0.916290731874155,0.6941108292154128,0.9350539951484944,1.039267570027269,0.7004978393889548,0.236023671749293,0.0324420572392235,0.0635188764315076,0.0032106357740782,4,3
63,2025/8/13 18:38:21,157秒,微信,,113.70.95.234(广东-佛山),492,2,7,2,1,1,3,64,26,26,4,91,66,37,30,5,4,4,4,5,5,6,5,4,5,4,6,1,1,3,2,5,3,5,5,5,4,5,6,6,6,6,5,5,4,4,6,4,4,(空),0.4,0.2,0.2,0.1621621621621621,0.6,0.6590909090909091,0.5777777777777777,-1.8191584434161692,-0.5108256237659907,-0.4168938039317871,-0.5485659517488378,0.9429717792588131,1.0549197571058415,1.0649121568539437,0.8626278844935638,-0.3501219761047803,-0.6438660713911908,-0.620469235733917,-0.5963023524203938,2,4
65,2025/8/13 18:39:08,206秒,微信,,114.228.112.39(江苏-常州),428,2,8,3,2,3,1,74,68,32,30,32,16,20,0,6,6,6,6,6,6,5,5,4,5,6,5,1,5,4,6,5,6,6,6,4,4,5,4,5,6,5,4,1,3,3,2,5,1,(空),0.6,0.4,0.6,0.7027027027027027,0.8,0.7272727272727273,0.5555555555555556,0.8382736442849094,0.8944271909999159,0.8528028654224418,0.7453559924999299,1.0635174511287877,0.9939055379454728,1.035364217195712,0.7124489575817561,0.0043891247027613,-0.2999349866144552,-0.2805380795588497,-0.3022621369398278,4,1
69,2025/8/13 18:42:13,181秒,微信,,112.22.142.232(江苏-徐州),395,1,7,4,5,5,3,61,37,12,14,71,44,44,26,1,1,1,1,3,4,5,4,3,5,6,4,1,5,5,4,2,3,2,2,1,2,1,4,2,3,1,2,2,1,1,1,3,2,(空),0.8,1.0,1.0,0.0,0.0,0.0227272727272727,0.0,0.0,0.0,0.1507556722888818,0.0,1.2104909590155524,1.263083243671265,1.0188773916792635,0.9591607019827908,1.1052454795077762,0.8847513863267579,0.7398763581055969,0.7482680597759293,3,2
71,2025/8/13 18:43:35,176秒,微信,,39.130.75.8(云南-昆明),373,1,7,1,1,1,1,71,50,30,13,40,9,18,0,4,6,6,4,6,5,5,4,5,1,5,4,1,6,6,6,5,5,6,5,4,5,4,1,1,2,1,2,6,5,4,6,6,1,(空),0.2,0.2,0.2,0.7837837837837838,0.8,0.3636363636363636,0.8666666666666667,-0.2436220826577504,-0.2231435513142097,-1.01160091167848,-0.1431008436406733,1.035559468337017,0.9803961111536328,0.9861307955465376,0.7364506768090624,-0.3408632071969599,-0.6513184359864117,-0.6283473718646576,-0.6089200731888439,2,1
92,2025/8/13 18:59:44,137秒,微信,,223.73.27.92(广东-汕尾),402,1,5,5,4,5,1,87,52,37,22,27,8,17,0,5,5,5,4,6,6,2,3,1,5,1,5,1,6,5,5,5,6,5,5,4,5,5,6,5,6,4,5,5,5,6,6,4,2,(空),1.0,0.8,1.0,0.945945945945946,0.9555555555555556,0.9545454545454546,1.0,0.9725975251592748,0.9775252199076788,0.9770084209183943,1.0,0.9275638802289814,0.9711163388585488,1.114841893710421,0.5269079614866423,0.6349207635839272,0.39101434713632,0.4370248913288145,0.2416376809656198,4,2
101,2025/8/15 8:09:32,165秒,微信,,112.98.62.174(黑龙江-牡丹江),433,2,2,4,4,4,3,57,29,24,4,78,65,23,35,5,2,2,3,2,1,3,3,4,1,4,5,1,5,4,5,6,2,1,5,2,2,2,5,5,5,5,3,6,5,4,5,5,3,(空),0.8,0.8,0.8,0.4054054054054054,0.3555555555555555,0.5454545454545454,0.6444444444444445,0.6367145399670133,0.5962847939999439,0.7385489458759964,0.8027729719194864,1.160696713523568,1.1802339849784866,1.0382589371757474,0.8358239245173559,0.7281738969017618,0.474661405584295,0.4063917087149449,0.3652040661779051,4,3
102,2025/8/15 8:16:44,182秒,微信,,183.192.123.68(上海-上海),457,2,9,4,5,5,3,41,26,11,1,90,64,43,27,6,4,6,6,4,5,5,5,4,6,4,5,1,5,6,5,5,6,6,5,5,5,5,4,6,5,6,4,2,4,2,5,2,3,(空),0.8,1.0,1.0,0.6756756756756757,0.7777777777777778,0.7045454545454546,0.5333333333333333,0.8219949365267865,0.8819171036881969,0.8393720596645177,0.7302967433402214,0.9850934555589224,1.1605031055168484,0.9996931414367944,0.6857415008407199,0.9925467277794612,0.8334613172495496,0.7302842329843623,0.6115584592048937,4,3
103,2025/8/15 8:22:47,135秒,微信,,113.5.130.27(黑龙江-齐齐哈尔),361,1,7,4,4,4,1,74,42,36,15,30,6,1,0,5,6,4,4,6,6,4,5,4,5,6,6,1,6,5,4,4,6,5,5,5,4,4,6,4,3,6,4,5,5,4,5,5,2,(空),0.8,0.8,0.8,0.5405405405405406,0.6444444444444445,0.5909090909090909,0.6666666666666666,0.7352146220938077,0.8027729719194864,0.7687061147858074,0.816496580927726,1.0911822245409848,0.901020588990765,0.7413878326619019,0.4490357240063557,0.7003681013087286,0.3629760471892064,0.2876432669094068,0.2104887859735051,4,2
104,2025/8/15 8:28:00,158秒,微信,,124.126.139.56(北京-北京),395,1,7,4,5,5,3,61,37,12,14,71,44,44,26,1,1,1,1,3,4,5,4,3,5,6,4,1,5,5,4,2,3,2,2,1,2,1,4,2,3,1,2,2,1,1,1,3,2,(空),0.8,1.0,1.0,0.0,0.0,0.0227272727272727,0.0,0.0,0.0,0.1507556722888818,0.0,1.2104909590155524,1.263083243671265,1.0188773916792635,0.9591607019827908,1.1052454795077762,0.8847513863267579,0.7398763581055969,0.7482680597759293,3,2
105,2025/8/15 8:37:26,132秒,微信,,59.35.89.6(广东-汕头),487,1,2,5,5,4,2,55,56,34,26,58,85,44,10,1,3,2,3,2,2,2,1,2,3,2,1,1,4,5,4,6,6,4,5,6,6,5,5,4,4,4,4,4,5,5,4,4,2,(空),1.0,1.0,0.8,0.6756756756756757,0.8222222222222222,0.6590909090909091,0.7333333333333333,0.8219949365267865,0.9067647005823628,0.8118441408859887,0.8563488385776752,1.374567332828193,1.1086388880583635,1.3269652781335286,0.9143701589184604,1.1872836664140969,0.8075292085203073,0.8939203013327295,0.725872788243764,4,2
106,2025/8/15 8:44:12,166秒,微信,,183.221.16.70(四川-成都),486,2,5,3,2,1,2,64,38,38,17,84,81,49,9,3,5,4,5,5,3,3,1,4,4,4,3,1,5,4,1,4,4,2,1,2,5,2,3,4,6,1,4,1,1,3,3,5,3,(空),0.6,0.4,0.2,0.5135135135135135,0.5333333333333333,0.6136363636363636,0.5555555555555556,0.7165985720844785,0.7302967433402214,0.7833494518006403,0.7453559924999299,1.025441281475225,1.0559833790484885,1.1967031073604415,0.7574317397068996,-0.0032261092279511,-0.2875194183938521,-0.2482703015259037,-0.2932655805147992,4,3
107,2025/8/15 8:49:24,128秒,微信,,183.211.251.49(江苏-泰州),542,1,4,4,5,3,2,79,55,29,23,85,74,34,6,4,5,6,6,6,6,5,6,4,4,4,4,1,3,2,4,5,3,5,6,5,6,5,6,5,6,5,5,4,6,5,5,5,3,(空),0.8,1.0,0.6,0.4594594594594595,0.8444444444444444,0.7954545454545454,0.8,0.677834389404565,0.9189365834726816,0.8918825850158447,0.8944271909999159,0.9115765690326028,1.191994436708817,1.1745218154990515,0.7652477741518965,0.9557882845163014,0.8492069828455341,0.8176985700154908,0.651311595860482,4,3
108,2025/8/15 8:56:24,134秒,微信,,123.182.113.89(河北-承德),413,2,8,4,5,5,1,85,68,30,6,39,2,19,0,5,6,5,5,4,6,5,4,5,4,6,4,1,6,6,4,4,6,5,6,4,5,6,6,5,5,5,4,6,5,5,6,5,2,(空),0.8,1.0,1.0,0.6756756756756757,0.8,0.7272727272727273,0.8222222222222222,0.8219949365267865,0.8944271909999159,0.8528028654224418,0.9067647005823628,1.0318329799110684,0.744017961547076,1.0465214649050665,0.2387291114002473,1.0159164899555342,0.6252187452646634,0.7536983947184983,0.3880522644846574,4,2
109,2025/8/15 9:01:54,200秒,微信,,106.114.64.40(河北-石家庄),419,1,3,5,4,5,1,80,65,36,25,28,6,11,0,6,5,4,5,4,6,5,5,5,5,5,6,1,4,6,6,6,4,4,6,4,5,5,6,6,5,6,6,5,6,5,6,5,2,(空),1.0,0.8,1.0,0.5675675675675675,0.6666666666666666,0.7272727272727273,0.7333333333333333,0.753370803500884,0.816496580927726,0.8528028654224418,0.8563488385776752,1.053896920027924,0.874414161535237,0.999933531712368,0.5623351446740703,0.6854539795035043,0.3523334762069952,0.3910615465295933,0.255808554240591,4,2
110,2025/8/15 9:07:18,160秒,微信,,183.206.5.202(江苏-南京),440,2,4,4,5,4,3,41,37,23,8,88,46,39,11,2,3,3,1,1,3,4,4,4,5,5,5,1,6,6,5,5,5,5,6,5,5,4,4,5,6,6,6,6,5,6,6,4,3,(空),0.8,1.0,0.8,0.3243243243243243,0.4666666666666667,0.4545454545454545,0.5111111111111111,0.5694947974514994,0.6831300510639732,0.674199862463242,0.7149203529842405,1.0200141041528894,1.2665833541075615,1.1456651112947869,0.624225204630131,1.0100070520764448,0.8865014415449062,0.8032702179133584,0.5808003110995992,4,3
113,2025/8/15 9:27:09,186秒,微信,,120.226.109.21(湖南-衡阳),519,1,4,5,4,5,2,78,51,43,18,76,74,39,3,3,2,2,2,2,3,6,5,5,5,5,5,1,5,6,5,6,6,6,4,4,6,6,6,5,5,6,6,1,3,2,1,2,3,(空),1.0,0.8,1.0,0.2432432432432432,0.4,0.3863636363636363,0.0222222222222222,0.4931969619160719,0.6324555320336759,0.621581560508061,0.1490711984999859,1.092115766734194,1.2660040843558986,1.3520630004259753,0.6138993542028319,0.7007415181860123,0.5089694453352599,0.5319133340150362,0.2764342380520956,4,3
114,2025/8/15 9:36:46,181秒,微信,,123.13.157.237(河南-周口),428,1,7,3,2,3,1,83,52,34,30,49,12,17,0,4,4,5,5,4,6,4,5,6,5,5,4,1,6,5,4,5,6,4,5,4,6,5,5,6,6,4,6,1,4,2,5,4,1,(空),0.6,0.4,0.6,0.5675675675675675,0.6666666666666666,0.6818181818181818,0.4888888888888889,0.753370803500884,0.816496580927726,0.8257228238447705,0.699205898780101,1.058261038194517,1.004266530426762,1.01672891822686,0.7124489575817561,0.0033378421159071,-0.2978627881181974,-0.2842651393526201,-0.3022621369398278,4,1
115,2025/8/15 9:41:11,177秒,微信,,125.67.94.232(四川-遂宁),396,2,1,1,3,3,3,43,25,14,14,77,42,40,33,1,1,1,2,1,3,1,3,2,1,3,3,1,2,5,3,2,3,4,5,5,4,5,5,6,5,4,5,5,5,6,5,1,3,(空),0.2,0.6,0.6,0.2702702702702703,0.6444444444444445,0.6363636363636364,0.6222222222222222,-1.308332819650179,-0.4393666597838456,-0.4519851237430572,-0.4744579795951158,1.0313451095667183,1.0324774237405088,0.993500302339449,0.9844561072782834,0.3371939558546846,0.0616690858168278,0.0497886961251615,0.0883981161408767,3,3
116,2025/8/15 9:51:16,199秒,微信,,116.147.66.236(江苏-泰州),371,2,4,5,5,4,1,75,66,29,10,47,9,14,0,1,2,2,3,3,4,3,4,3,2,2,5,1,5,3,6,5,6,5,6,5,4,5,6,4,5,5,5,1,3,2,2,3,1,(空),1.0,1.0,0.8,0.4864864864864865,0.6444444444444445,0.5909090909090909,0.3333333333333333,0.6974858324629157,0.8027729719194864,0.7687061147858074,0.5773502691896257,1.248763663733413,0.9435733009786536,1.0071151676566186,0.3250829734467102,1.1243818318667065,0.7249964149804522,0.7339952460942745,0.4312291955078888,4,1
117,2025/8/15 10:01:39,194秒,微信,,27.42.225.55(广东-中山),504,1,3,4,4,5,2,77,45,43,27,67,65,33,1,5,5,5,5,5,4,6,5,5,4,6,5,1,4,2,5,1,4,2,3,5,3,3,6,5,6,6,5,4,6,5,5,5,3,(空),0.8,0.8,1.0,0.2432432432432432,0.4444444444444444,0.6590909090909091,0.6444444444444445,0.4931969619160719,0.6666666666666666,0.8118441408859887,0.8027729719194864,1.124565970169762,1.2551712084295352,1.2395930698156938,0.6674513212625237,0.7137215995602394,0.5046362949647145,0.4869253617709236,0.2978550248759724,4,3
118,2025/8/15 10:09:36,159秒,微信,,122.239.95.5(浙江-温州),451,2,1,4,5,4,3,42,31,35,15,86,54,39,14,4,3,3,2,3,1,4,4,6,5,6,5,1,4,5,4,6,5,4,4,2,1,2,5,5,4,5,5,5,5,6,6,5,4,(空),0.8,1.0,0.8,0.1891891891891892,0.1555555555555555,0.3409090909090909,0.4666666666666667,0.43495883620084,0.3944053188733077,0.5838742081211422,0.6831300510639732,1.0552640308792314,1.2326182516252715,1.2381882059892888,0.8148181374708366,1.0276320154396157,0.8695188903037613,0.8495317652606096,0.676096777519952,4,4
119,2025/8/15 10:15:28,197秒,微信,,113.78.5.249(广东-东莞),376,1,5,1,3,1,1,76,53,25,13,46,12,12,0,5,5,5,5,4,5,2,4,5,2,2,2,1,6,6,4,6,6,5,3,3,3,1,4,5,6,6,6,4,5,5,4,4,1,(空),0.2,0.6,0.2,0.972972972972973,0.7555555555555555,0.9772727272727272,0.9111111111111112,-0.0273989741881143,-0.2803019651541584,-0.0229895182246987,-0.0930904230660119,1.03091879976058,0.9927818514697452,0.9385643550817596,0.7364506768090624,0.3370660629128432,0.0497604141355987,0.0333079119478547,0.0139964870001105,4,1
120,2025/8/15 10:25:34,194秒,微信,,58.253.62.32(广东-中山),366,1,7,4,4,5,1,75,51,40,19,39,12,0,0,2,2,3,3,2,1,6,5,4,6,5,4,1,5,4,4,5,6,5,6,4,4,5,2,2,2,2,3,5,6,6,5,5,1,(空),0.8,0.8,1.0,0.1351351351351351,0.3555555555555555,0.0,0.4222222222222222,0.3676073110469038,0.5962847939999439,0.0,0.6497862896539309,1.1501893554751494,1.025851759257633,0.7235466031410419,0.5181484731543202,0.7239709536823944,0.4129085152959536,0.2805067751010628,0.2381338856326909,4,1
121,2025/8/15 10:31:02,163秒,微信,,1.60.235.231(黑龙江-齐齐哈尔),492,2,7,2,1,1,3,64,26,26,4,91,66,37,30,5,4,4,4,5,5,6,5,4,5,4,6,1,1,3,2,5,3,5,5,5,4,5,6,6,6,6,5,5,4,4,6,4,4,(空),0.4,0.2,0.2,0.1621621621621621,0.6,0.6590909090909091,0.5777777777777777,-1.8191584434161692,-0.5108256237659907,-0.4168938039317871,-0.5485659517488378,0.9429717792588131,1.0549197571058415,1.0649121568539437,0.8626278844935638,-0.3501219761047803,-0.6438660713911908,-0.620469235733917,-0.5963023524203938,2,4
122,2025/8/15 10:35:17,182秒,微信,,183.198.1.111(河北-石家庄),532,2,4,5,5,5,2,81,50,49,26,61,55,47,2,6,6,6,4,6,5,6,4,5,5,6,6,1,5,6,5,5,6,4,4,6,4,6,5,4,4,5,4,4,4,6,4,4,3,(空),1.0,1.0,1.0,0.5945945945945946,0.6666666666666666,0.5681818181818182,0.6222222222222222,0.7710996009560598,0.816496580927726,0.7537783614444091,0.7888106377466155,1.1632724996283903,1.3812859942735338,1.3842932662262175,0.6768982441109856,1.0816362498141951,0.9438527616278924,0.922584295379074,0.6071368308400266,4,3
123,2025/8/15 10:40:42,181秒,微信,,175.164.105.148(辽宁-沈阳),451,1,5,5,5,4,3,41,45,15,9,79,48,37,35,2,4,5,4,2,4,5,6,6,5,5,4,1,5,5,6,5,4,5,1,3,3,4,4,4,4,5,5,4,5,6,5,6,4,(空),1.0,1.0,0.8,0.3513513513513513,0.3333333333333333,0.4090909090909091,0.5555555555555556,0.5927489783638191,0.5773502691896257,0.6396021490668313,0.7453559924999299,1.2050955637112764,1.38048578080355,1.0816647684890537,0.9647838026612724,1.1025477818556382,0.9434526548929004,0.771270046510492,0.75107961011517,4,4
124,2025/8/15 10:47:24,164秒,微信,,58.217.2.152(江苏-镇江),470,2,3,1,3,3,3,61,32,11,11,83,72,40,20,6,5,5,4,5,6,1,1,5,2,5,1,1,5,6,5,5,5,5,5,4,4,4,4,4,5,4,5,5,5,4,5,4,4,(空),0.2,0.6,0.6,1.0,0.9777777777777776,0.9318181818181818,1.0,0.0,-0.0224728558520586,-0.0706175672139534,0.0,1.0067211378776733,1.024038971261753,0.980632045005041,0.914813828926364,0.3298067643479712,0.059137550073201,0.0459282189248391,0.067505432635301,3,4
125,2025/8/15 10:54:20,209秒,微信,,125.119.98.84(浙江-杭州),387,2,7,5,4,5,1,89,62,25,6,46,2,7,0,4,4,5,4,4,6,5,5,4,5,5,6,1,6,6,5,6,5,2,4,2,2,3,6,4,5,6,5,4,5,6,5,5,2,(空),1.0,0.8,1.0,0.5675675675675675,0.3777777777777777,0.6136363636363636,0.6444444444444445,0.753370803500884,0.6146362971528592,0.7833494518006403,0.8027729719194864,1.0302701943155497,0.7621032398438399,0.8159740915404998,0.2269675225558665,0.6760032892185546,0.3074091075304364,0.3174777704608461,0.1216615053933094,4,2
126,2025/8/15 11:01:13,162秒,微信,,111.1.195.216(浙江-温州),371,1,5,5,4,4,1,67,49,28,30,22,10,5,0,5,4,5,4,5,4,6,6,6,6,6,4,1,4,5,4,5,5,5,4,6,4,4,5,6,4,6,5,5,5,5,5,6,1,(空),1.0,0.8,0.8,0.2972972972972973,0.4888888888888889,0.5,0.5555555555555556,0.5452497568062706,0.699205898780101,0.7071067811865476,0.7453559924999299,1.1039722080417589,1.0180301406159264,0.7914685607933472,0.6108643021101555,0.7054840947090382,0.409779867839271,0.3076755581619849,0.2752202172150251,4,1
127,2025/8/15 11:08:26,160秒,微信,,60.14.231.85(黑龙江-鸡西),511,1,6,2,4,4,3,57,39,31,6,86,66,44,32,6,4,5,6,4,6,6,4,6,5,6,5,1,3,2,2,3,2,5,4,6,4,4,6,5,6,4,4,6,5,4,6,5,4,(空),0.4,0.8,0.8,0.1891891891891892,0.6444444444444445,0.6363636363636364,0.7111111111111111,-1.6650077635889111,-0.4393666597838456,-0.4519851237430572,-0.3409265869705932,1.0094859236715434,1.1027897862756562,1.1012948908884408,0.8990222321259617,0.667689580960952,0.4436837261031628,0.4316060902000223,0.3904833892213475,4,4
128,2025/8/15 11:12:59,159秒,微信,,125.115.185.70(浙江-宁波),480,1,3,1,1,1,3,46,35,24,12,88,62,43,11,4,4,5,4,4,5,6,5,4,6,6,5,1,6,4,5,5,4,6,5,4,5,5,6,4,6,5,4,6,5,4,5,6,3,(空),0.2,0.2,0.2,0.3783783783783784,0.5777777777777777,0.5227272727272727,0.6,-0.9718605830289656,-0.5485659517488378,-0.6486954179891115,-0.5108256237659907,0.9948069978618151,1.0487391203078165,1.0307777291573137,0.8556744955378375,-0.3449384542444801,-0.6444841350709933,-0.62388267850358,-0.5969976913159664,2,3
129,2025/8/15 11:19:32,163秒,微信,,42.102.60.209(黑龙江-牡丹江),406,2,2,4,4,4,3,44,21,31,4,93,41,41,14,5,6,6,4,5,5,6,5,6,6,4,5,1,2,3,2,3,5,2,1,1,1,2,1,1,2,1,4,5,4,4,4,5,3,(空),0.8,0.8,0.8,0.2432432432432432,0.2666666666666666,0.25,0.6,0.4931969619160719,0.5163977794943222,0.5,0.7745966692414834,0.9354014001209596,1.1318051522471342,1.2209878814412034,0.5858641571046997,0.6380557715407185,0.4552898724917541,0.4794832864211274,0.2652201592128427,4,3
130,2025/8/15 11:23:34,205秒,微信,,175.31.99.200(吉林-松原),547,1,8,5,5,4,2,72,41,46,38,58,76,47,6,5,6,4,6,5,5,6,5,4,5,6,5,1,4,6,4,5,6,6,5,5,6,5,5,5,6,4,4,5,5,4,5,5,3,(空),1.0,1.0,0.8,0.5405405405405406,0.7333333333333333,0.6136363636363636,0.6666666666666666,0.7352146220938077,0.8563488385776752,0.7833494518006403,0.816496580927726,1.2793818365620793,1.2279384748219235,1.3812898574601389,0.9032812203806206,1.1396909182810395,0.8671790019020872,0.9210825909960344,0.7203283189748441,4,3
131,2025/8/15 11:33:02,197秒,微信,,171.90.82.155(四川-凉山),566,2,6,3,3,3,2,79,59,48,25,71,83,38,9,5,4,6,5,5,4,6,6,5,5,5,6,1,5,5,2,5,5,5,5,6,5,4,2,3,2,2,5,6,6,6,6,6,2,(空),0.6,0.6,0.6,0.3513513513513513,0.6,0.2954545454545454,0.7111111111111111,0.5927489783638191,0.7745966692414834,0.543557306504609,0.8432740427115678,1.0355203895484557,1.0468095134102593,1.1962833513491482,0.8540170973970576,0.3384465398492058,0.065968712717753,0.1106236108280713,0.049266413176509,4,2
132,2025/8/15 11:41:46,190秒,微信,,39.130.84.247(云南-昆明),363,1,5,5,5,5,1,71,62,37,6,39,9,5,0,6,6,5,5,6,6,4,6,4,5,4,5,1,4,4,6,5,6,3,1,3,1,3,5,5,6,5,4,2,3,2,1,2,2,(空),1.0,1.0,1.0,0.6756756756756757,0.4888888888888889,0.75,0.4666666666666667,0.8219949365267865,0.699205898780101,0.8660254037844386,0.6831300510639732,1.2543489578614158,0.966601949661606,0.8574709240289353,0.2269675225558665,1.127174478930708,0.7365107393219285,0.6591731242804328,0.382171470062467,4,2
133,2025/8/15 11:51:28,142秒,微信,,110.90.236.8(福建-福州),445,2,3,4,5,4,3,45,23,30,0,95,60,40,35,5,5,5,4,6,6,5,6,4,4,4,4,1,3,3,3,5,3,1,2,3,2,1,1,2,2,2,2,4,6,5,4,4,2,(空),0.8,1.0,0.8,0.4054054054054054,0.4,0.3409090909090909,0.7111111111111111,0.6367145399670133,0.6324555320336759,0.5838742081211422,0.8432740427115678,0.8929740847598182,1.149593429428183,1.210518709460799,0.7116271767764852,0.9464870423799092,0.828006479205217,0.8356970169963647,0.6245012971727764,4,2
134,2025/8/15 11:59:37,131秒,微信,,183.146.234.91(浙江-金华),532,1,8,5,5,5,2,76,40,46,37,58,75,45,2,6,5,5,6,5,6,6,4,4,5,6,5,1,6,4,6,6,5,6,5,6,4,5,3,4,3,3,3,4,4,6,2,4,2,(空),1.0,1.0,1.0,0.6756756756756757,0.7777777777777778,0.5,0.6444444444444445,0.8219949365267865,0.8819171036881969,0.7071067811865476,0.8027729719194864,1.2375084472015776,1.2353468116280646,1.378082572171988,0.7627970076626279,1.1187542236007888,0.8708831703051577,0.9194789483519592,0.6500862126158478,4,2
135,2025/8/15 12:04:22,172秒,微信,,117.177.208.145(四川-泸州),411,1,6,4,4,4,1,94,45,40,16,46,9,0,0,6,4,4,4,5,5,4,4,5,6,6,6,1,6,4,3,5,5,6,5,4,5,5,4,6,6,6,6,4,6,4,6,5,1,(空),0.8,0.8,0.8,0.4054054054054054,0.6222222222222222,0.6363636363636364,0.6222222222222222,0.6367145399670133,0.7888106377466155,0.7977240352174656,0.7888106377466155,0.9046372708217004,0.9691262965786354,0.7235466031410419,0.4674528372790023,0.6257501198210148,0.3902183302243546,0.2805067751010628,0.2178556312825637,4,1
136,2025/8/15 12:14:48,149秒,微信,,171.119.241.245(山西-忻州),495,2,9,4,4,5,2,67,49,50,20,74,72,37,2,4,5,5,1,5,5,5,4,4,6,5,4,1,3,5,2,2,2,5,5,5,5,6,5,4,5,4,5,2,1,1,1,2,3,(空),0.8,0.8,1.0,0.1621621621621621,0.6444444444444445,0.5227272727272727,0.2222222222222222,0.4026936331284146,0.8027729719194864,0.7229988054812212,0.4714045207910317,1.15513400012365,1.2131529974327964,1.2693781319277373,0.6129523475233567,0.7259488115417946,0.487829010566019,0.498839386615741,0.2760554353803055,4,3
137,2025/8/15 12:21:35,128秒,微信,,39.172.225.6(浙江-丽水),517,2,3,4,5,5,2,56,51,35,23,73,79,34,4,5,5,4,5,6,6,5,5,4,6,5,4,1,5,5,4,5,6,5,6,6,4,6,5,5,4,6,4,5,4,4,6,6,3,(空),0.8,1.0,1.0,0.5675675675675675,0.7555555555555555,0.6363636363636364,0.7111111111111111,0.753370803500884,0.8692269873603532,0.7977240352174656,0.8432740427115678,1.210166924695186,1.146830017461238,1.2140005876368634,0.7138412914473415,1.1050834623475931,0.8266247732217444,0.8374379560843968,0.6256083545082045,4,3
139,2025/8/15 12:35:29,138秒,微信,,120.245.108.110(北京-北京),373,1,7,1,1,1,1,71,50,30,13,40,9,18,0,4,6,6,4,6,5,5,4,5,1,5,4,1,6,6,6,5,5,6,5,4,5,4,1,1,2,1,2,6,5,4,6,6,1,(空),0.2,0.2,0.2,0.7837837837837838,0.8,0.3636363636363636,0.8666666666666667,-0.2436220826577504,-0.2231435513142097,-1.01160091167848,-0.1431008436406733,1.035559468337017,0.9803961111536328,0.9861307955465376,0.7364506768090624,-0.3408632071969599,-0.6513184359864117,-0.6283473718646576,-0.6089200731888439,2,1
141,2025/8/15 12:51:43,177秒,微信,,112.39.7.174(辽宁-朝阳),457,1,7,2,2,2,3,52,42,23,5,85,63,42,15,4,4,5,4,6,5,6,6,5,6,4,5,1,3,1,2,2,4,2,3,1,3,3,5,4,4,4,5,4,5,5,4,5,3,(空),0.4,0.4,0.4,0.054054054054054,0.2888888888888888,0.4545454545454545,0.5333333333333333,-2.917770732084279,-1.241713132308783,-0.7884573603642702,-0.6286086594223742,1.0233183650382398,1.1171669633251289,1.0613615911029803,0.7191756651003747,-0.0036506925153482,-0.2752827015385241,-0.2753386047773961,-0.3009167954361041,4,3
142,2025/8/15 12:57:50,181秒,微信,,123.181.234.227(河北-秦皇岛),468,2,4,4,5,4,3,64,32,10,9,84,61,33,30,5,3,4,5,6,5,5,5,5,4,5,5,1,3,3,2,5,5,5,6,6,5,4,6,3,2,5,5,4,5,5,5,3,4,(空),0.8,1.0,0.8,0.2972972972972973,0.6666666666666666,0.5,0.5777777777777777,0.5452497568062706,0.816496580927726,0.7071067811865476,0.7601169500660919,1.058728858463223,1.2204665772882637,0.9329272718950012,0.9089314896461208,1.0293644292316115,0.8634430531352572,0.6969012982134657,0.7231534536075941,3,4
143,2025/8/15 13:03:59,185秒,微信,,171.106.66.21(广西-南宁),338,2,2,3,5,4,1,78,57,26,3,24,6,7,0,6,5,4,5,4,6,4,6,4,4,5,4,1,5,4,4,5,5,5,5,6,5,5,2,4,1,4,5,5,1,1,5,2,1,(空),0.6,1.0,0.8,0.5945945945945946,0.8,0.5227272727272727,0.5333333333333333,0.7710996009560598,0.8944271909999159,0.7229988054812212,0.7302967433402214,0.9560143940506528,0.9117994105922304,0.8208229221187442,0.1830864698728795,0.9780071970253263,0.7091094697872407,0.6408491233253373,0.3602309437209735,4,1
144,2025/8/15 13:09:20,168秒,微信,,111.39.202.190(安徽-阜阳),480,2,2,4,2,4,3,47,35,17,5,92,63,43,25,6,5,5,5,6,6,5,6,5,5,5,5,1,6,6,4,4,4,5,6,4,4,6,3,1,3,2,3,5,5,6,6,5,3,(空),0.8,0.4,0.8,0.5405405405405406,0.7111111111111111,0.3636363636363636,0.7555555555555555,0.7352146220938077,0.8432740427115678,0.6030226891555273,0.8692269873603532,0.9615351479623808,1.2296299849562242,1.0894141624442293,0.7757700902479511,-0.01600733593052,-0.2527900972123049,-0.2697280905091462,-0.2895979104065888,4,3
145,2025/8/15 13:13:02,191秒,微信,,125.77.55.63(福建-福州),402,1,5,5,4,5,1,87,52,37,22,27,8,17,0,5,5,5,4,6,6,2,3,1,5,1,5,1,6,5,5,5,6,5,5,4,5,5,6,5,6,4,5,5,5,6,6,4,2,(空),1.0,0.8,1.0,0.945945945945946,0.9555555555555556,0.9545454545454546,1.0,0.9725975251592748,0.9775252199076788,0.9770084209183943,1.0,0.9275638802289814,0.9711163388585488,1.114841893710421,0.5269079614866423,0.6349207635839272,0.39101434713632,0.4370248913288145,0.2416376809656198,4,2
146,2025/8/15 13:23:08,137秒,微信,,223.79.206.171(山东-潍坊),522,2,7,3,4,5,2,63,61,32,23,73,74,38,8,3,6,6,5,4,6,6,5,4,6,6,5,1,1,1,1,3,1,6,5,6,4,6,5,6,6,4,5,6,6,4,5,6,3,(空),0.6,0.8,1.0,0.027027027027027,0.7111111111111111,0.6363636363636364,0.7111111111111111,0.1643989873053573,0.8432740427115678,0.7977240352174656,0.8432740427115678,1.1265297515715555,1.1176697615302094,1.1508638855815327,0.8156761086514205,0.714507112120957,0.4496357162049842,0.4514336880772592,0.3571449398315309,4,3
147,2025/8/15 13:29:25,198秒,微信,,60.15.187.53(黑龙江-绥化),437,1,2,4,4,3,3,49,38,25,12,77,43,20,22,5,4,5,6,6,5,6,5,5,6,4,5,1,6,4,5,5,4,4,6,5,5,4,1,5,3,3,2,6,6,4,6,4,3,(空),0.8,0.8,0.6,0.4864864864864865,0.6444444444444445,0.3636363636363636,0.6888888888888889,0.6974858324629157,0.8027729719194864,0.6030226891555273,0.8299933065325822,1.1799171222616471,1.2651870779295615,1.0138651457650698,0.8822479040778421,0.7358620603969935,0.508642642764725,0.396634192150674,0.3837736580020997,4,3
148,2025/8/15 13:37:41,153秒,微信,,111.34.3.240(山东-德州),429,1,4,4,5,5,3,44,44,28,9,79,43,24,12,5,5,6,6,5,5,5,5,5,4,6,6,1,5,4,4,5,5,1,3,1,1,2,6,5,5,4,5,5,5,6,5,5,3,(空),0.8,1.0,1.0,0.5135135135135135,0.3333333333333333,0.6590909090909091,0.7333333333333333,0.7165985720844785,0.5773502691896257,0.8118441408859887,0.8563488385776752,1.1522395074596214,1.283983893353194,1.0866452160045188,0.6665779042626512,1.0761197537298108,0.8952017111677224,0.7737602702682245,0.6019766609158593,4,3
149,2025/8/15 13:43:52,195秒,微信,,111.43.202.182(黑龙江-哈尔滨),505,2,4,4,3,4,3,50,51,10,2,91,74,35,30,5,4,5,5,4,6,6,5,5,6,5,5,1,5,5,5,5,5,6,5,4,4,5,4,6,5,4,6,5,6,6,5,4,3,(空),0.8,0.6,0.8,0.4864864864864865,0.6222222222222222,0.5909090909090909,0.6666666666666666,0.6974858324629157,0.7888106377466155,0.7687061147858074,0.816496580927726,0.9828848425808456,1.1963681183145616,0.9462439911430848,0.7461022589881375,0.3226558757589229,0.1108362941890437,0.0356118027662523,0.016891961653833,4,3
150,2025/8/15 13:50:31,182秒,微信,,112.10.221.250(浙江-杭州),496,1,5,3,5,3,2,58,55,39,19,65,64,40,9,5,2,2,3,2,1,5,5,6,6,4,6,1,4,6,5,6,5,5,6,5,6,6,5,5,5,4,5,4,4,4,5,4,3,(空),0.6,1.0,0.6,0.1891891891891892,0.4444444444444444,0.2954545454545454,0.2888888888888888,0.43495883620084,0.6666666666666666,0.543557306504609,0.5374838498865699,1.1838030210219863,1.1861427210293607,1.18601840947064,0.7847449907097577,1.091901510510993,0.8462811250058058,0.8234468670012851,0.6610602041394126,4,3
